# oST version 5.0 parameters


[image]

width
640

height
480

[webcam]

camera matrix
814.751551 0.000000 327.669145
0.000000 815.095134 236.207285
0.000000 0.000000 1.000000

distortion
-0.045466 0.142290 0.000366 0.001819 0.000000

rectification
1.000000 0.000000 0.000000
0.000000 1.000000 0.000000
0.000000 0.000000 1.000000

projection
811.462402 0.000000 327.912441 0.000000
0.000000 812.224854 235.849448 0.000000
0.000000 0.000000 1.000000 0.000000
